shared0 top bins: [(3408, 1208), (3412, 1177), (3410, 1151), (3414, 1123), (3404, 1121), (3418, 1111), (3406, 1078), (3416, 1048), (3258, 1014), (3256, 1010)]
shared0 top psd bins: [(4, 434583706967806.06), (1, 399196607900033.1), (7, 358434500011914.06), (2, 300066764445619.75), (10, 191997908821159.62)]
shared0 dominant norm freq: 0.000040000
shared1 top bins: [(3408, 909), (3404, 885), (3414, 883), (3418, 877), (3416, 872), (3412, 871), (3410, 851), (3406, 840), (3262, 839), (3422, 825)]
shared1 top psd bins: [(1, 187898177392911.4), (3, 187450639932774.3), (2, 177338375239275.78), (4, 159502848628936.25), (5, 150172729002412.62)]
shared1 dominant norm freq: 0.000010000
sep0 top bins: [(1486, 7440), (1490, 7144), (1488, 6889), (1492, 6119), (1484, 5974), (1494, 5774), (1496, 5526), (1482, 5431), (1498, 5143), (1500, 4779)]
sep0 top psd bins: [(129, 138175214770772.08), (258, 117428591684348.44), (37, 116422343753154.48), (647, 110940638615463.23), (198, 109524932539643.16)]
sep0 dominant norm freq: 0.001290000
sep1 top bins: [(1420, 6048), (1418, 5634), (1422, 5608), (1426, 5055), (1416, 4722), (1424, 4566), (1428, 4211), (1436, 4181), (1430, 4140), (1434, 3925)]
sep1 top psd bins: [(69, 6722277942904.109), (194, 6610335449942.542), (63, 6379015556587.173), (68, 5917056678013.55), (1, 5600159668217.904)]
sep1 dominant norm freq: 0.000690000